department101.txt: -1.7700363410000008E7
department102.txt: -1.186447995799993E8
department103.txt: -1.0903160742999963E8
department105.txt: -2902057.9100000137
department106.txt: -2.9874593719999954E7
department107.txt: 3.081871008548579E9
department108.txt: -4.400813338999991E7
